0 17.54
0.5 16.36
1 20.19
1.5 31.82
2 42.29
2.5 60.06
3 69.63
3.5 48.22
4 43.96
4.5 51.02
5 78.85
5.5 85.23
6 77.43
6.5 56.89
7 76.25
7.5 110.83
8 109.62
8.5 129.3
9 135.46
9.5 116.2
10 119.62
10.5 89.78
11 82.62
11.5 65.39
12 31.04
12.5 51.06
13 41.45
13.5 16.83
14 0.74
14.5 2.11
15 2.34
15.5 1.06
16 0.82
16.5 31.37
17 57.61
17.5 50.47
18 58.83
18.5 36.75
19 51.15
19.5 44.61
20 71.25
20.5 41.55
21 60.15
21.5 84.89
22 60.2
22.5 85.71
23 106.35
23.5 139.43
24 174.3
24.5 179.99
25 145.56
25.5 150.98